((("production" .
   [1 0 0 0 0 0 0 0 0 0])
  ("supervisor" .
   [1 0 0 0 0 0 0 0 0 0])
  ("/usr/local/bin/" .
   [0 0 0 0 0 0 0 0 0 0 0 0 0 0 1])
  ("AppCountryId" .
   [1 0 0 0 0 0 0 0 0 0 0 0])
  ("productId" .
   [1 0 0 1 1 1 0 0 0])
  ("product_id" .
   [1 0 0 0 0 0 0 0 0 0])
  ("POST" .
   [2 0 0 0])
  ("了解です。" .
   [2 0 0 0 0])
  ("a" .
   [1])
  ("ではなくフィラーでよいのではないかとおもいます。" .
   [0 0 0 0 1 0 0 0 0 0 0 0 0 0 0 0 0 0 0 0 0 0 0 0])
  ("CPU" .
   [1 0 0])
  ("supervisord" .
   [1 0 0 0 0 0 0 0 0 0 0])
  ("clone" .
   [1 0 0 0 0])
  ("git" .
   [1 0 0])
  ("ありがとうございます。" .
   [1 0 0 0 0 0 0 0 0 0 0])
  ("retention--cell" .
   [2 0 0 0 0 0 0 0 0 0 0 0 0 0 0])
  ("background" .
   [0 0 0 0 0 0 0 0 0 1])
  ("retention-table" .
   [0 0 0 0 0 1 0 0 0 0 0 0 0 0 0])
  ("background-color" .
   [0 0 0 0 0 0 0 0 0 0 0 0 0 0 0 1])
  ("center" .
   [0 0 1 0 0 0])
  ("30px" .
   [1 0 0 0])
  ("normal" .
   [0 0 0 1 0 0])
  ("font-weight" .
   [0 0 0 0 0 0 0 1 0 0 0])
  ("modules" .
   [1 0 0 0 0 0 0])
  ("ENV" .
   [1 0 0])
  ("underline" .
   [0 0 1 0 0 0 0 0 0])
  ("rawData" .
   [2 0 0 0 0 0 0])
  ("$filter" .
   [3 0 0 0 0 0 0])
  ("CurrentAppCountry" .
   [0 0 0 0 0 0 0 0 0 0 0 0 0 0 0 0 1])
  ("imp" .
   [2 0 0])
  ("height" .
   [3 0 0 0 0 0])
  ("width" .
   [5 0 0 0 0])
  ("setDefault" .
   [1 0 0 0 0 0 0 0 0 0])
  ("ではなく" .
   [1 0 0 0])
  ("1em" .
   [1 0 0])
  ("update" .
   [2 0 0 0 0 0])
  ("whenPUT" .
   [1 0 0 0 0 0 0])
  ("lang" .
   [3 0 0 0])
  ("です。" .
   [1 0 0])
  ("SVG" .
   [5 0 0])
  ("kyou" .
   [1 0 0 0])
  ("nomal" .
   [1 0 0 0 0])
  ("fff-" .
   [0 0 0 1])
  ("input-group" .
   [1 0 0 0 0 0 0 0 0 0 0])
  ("let" .
   [23 0 0])
  ("name" .
   [1 0 0 0])
  ("client" .
   [0 0 0 0 0 1])
  ("clear" .
   [1 0 0 0 0])
  ("login" .
   [5 0 0 0 0])
  ("実際には、今回のサーバでは、" .
   [0 0 0 1 0 0 0 0 0 0 0 0 0 0])
  ("fam-creative-server" .
   [0 0 0 0 0 0 0 0 0 0 0 0 1 0 0 0 0 0 0])
  ("deploy" .
   [2 0 0 0 0 0])
  ("bold" .
   [1 0 0 0])
  ("test" .
   [1 0 0 0])
  ("render" .
   [1 0 0 0 0 0])
  ("_responseImage" .
   [0 0 0 0 0 0 1 0 0 0 0 0 0 0])
  ("toString" .
   [0 0 0 0 0 0 1 0])
  ("template_id" .
   [1 0 0 0 0 0 0 0 0 0 0])
  ("query" .
   [1 0 0 0 0])
  ("count" .
   [1 0 0 0 0])
  ("facebook" .
   [1 0 0 0 0 0 0 0])
  ("リクエスト。" .
   [0 0 0 0 1 0])
  ("const" .
   [2 0 0 0 0])
  ("localhost" .
   [1 0 0 0 0 0 0 0 0])
  ("request" .
   [1 0 0 0 0 0 0])
  ("socket" .
   [1 0 0 0 0 0])
  ("server" .
   [2 0 0 0 0 0])
  ("result" .
   [3 0 0 0 0 0])
  ("then" .
   [1 0 0 0])
  ("お手すきのときにご確認をお願いします。" .
   [1 0 0 0 0 0 0 0 0 0 0 0 0 0 0 0 0 0 0])
  ("で修正しました。" .
   [1 0 0 0 0 0 0 0])
  ("を外しました。レビューをお願いします。" .
   [0 0 0 0 0 0 0 1 0 0 0 1 0 0 0 0 0 0 0])
  ("col-sm-3" .
   [1 0 0 0 0 0 0 0])
  ("whenPOST" .
   [1 0 0 0 0 0 0 0])
  ("typeOf" .
   [1 0 0 0 0 0])
  ("goalCpm" .
   [2 0 0 0 0 0 0])
  ("MockGoalCpmServiceActor" .
   [1 0 0 0 0 0 0 0 0 0 0 0 0 0 0 0 0 0 0 0 0 0 0])
  ("row" .
   [1 0 0])
  ("tab" .
   [1 0 0])
  ("contents" .
   [2 0 0 0 0 0 0 0])
  ("select-active-regions" .
   [0 0 0 0 0 0 0 0 0 1 0 0 0 0 0 0 0 0 0 0 0])
  ("アプリの" .
   [1 0 0 0])
  ("rspec" .
   [1 0 0 0 0])
  ("window" .
   [1 0 0 0 0 0])
  ("MySQL" .
   [2 0 0 0 0])
  (":new" .
   [1 0 0 0])
  (":get" .
   [1 0 0 0])
  ("only:" .
   [2 0 0 0 0])
  ("resources" .
   [0 0 0 0 1 0 0 0 0])
  ("jalstg" .
   [1 0 0 0 0 0])
  ("password" .
   [1 0 0 0 0 0 0 1])
  ("development" .
   [0 0 0 1 0 0 0 0 0 0 0])
  ("TODO:" .
   [1 0 0 0 0])
  ("namespace" .
   [1 0 0 0 0 0 0 0 0])
  ("unless" .
   [2 0 0 0 0 0])
  ("return" .
   [7 0 0 0 0 0])
  ("bundle" .
   [1 0 0 0 0 0])
  (":flights" .
   [1 0 0 0 0 0 0 0])
  ("params" .
   [4 0 0 0 0 0])
  ("flights" .
   [3 0 0 0 0 0 0])
  ("flight" .
   [1 0 0 0 0 0])
  ("end" .
   [1 0 0])
  ("fadeIn" .
   [1 0 0 0 0 0])
  ("fadeOut" .
   [1 0 0 0 0 0 0])
  (":status_ng_on" .
   [2 0 0 0 0 0 0 0 0 0 0 0 0])
  ("/div" .
   [1 0 0 0])
  ("div" .
   [2 0 0])
  ("ステータス" .
   [2 0 0 0 0])
  ("/span" .
   [1 0 0 0 0])
  ("style" .
   [0 0 0 0 1])
  ("span" .
   [1 0 0 0])
  ("label:" .
   [1 0 0 0 0 0])
  ("class:" .
   [2 0 0 0 0 0])
  ("status_ok" .
   [1 0 0 0 0 0 0 0 0])
  ("html:" .
   [1 0 0 0 0])
  ("id:" .
   [1 0 0])
  ("::Owner" .
   [1 0 0 0 0 0 0])
  ("execute" .
   [1 0 0 0 0 0 0])
  ("xml_id" .
   [1 0 0 0 0 0])
  ("fin" .
   [1 0 0])
  ("FidsXml" .
   [1 0 0 0 0 0 0])
  ("body:" .
   [1 0 0 0 0])
  ("img" .
   [3 0 0])
  ("create" .
   [2 0 0 0 0 0])
  (":image" .
   [1 0 0 0 0 0])
  ("タイトル" .
   [1 0 0 0])
  ("寺田さん" .
   [1 0 0 0])
  ("process_id" .
   [1 0 0 0 0 0 0 0 0 0])
  ("@operation" .
   [0 0 0 0 0 0 1 0 0 0])
  ("Progress" .
   [1 0 0 0 0 0 0 0])
  ("present?" .
   [0 0 0 0 0 3 0 0])
  ("@progress" .
   [1 0 0 0 0 0 0 0 0])
  ("JalProcess" .
   [1 0 0 0 0 0 0 0 0 0])
  ("jal_processes" .
   [0 0 0 0 1 0 0 0 0 0 0 0 0])
  ("name:" .
   [1 0 0 0 0])
  (":create" .
   [2 0 0 0 0 0 0])
  (":name" .
   [1 0 0 0 0])
  ("Ubuntu" .
   [1 0 0 0 0 0])
  ("find_by_id" .
   [3 0 0 0 0 0 0 0 0 0])
  ("blank?" .
   [0 0 0 0 1 0])
  ("save!" .
   [2 0 0 0 0])
  ("enable" .
   [0 0 0 1 0 0])
  ("question1" .
   [1 0 0 0 0 0 0 0 0])
  ("disable" .
   [0 0 0 1 0 0 0])
  ("after" .
   [2 0 0 0 0])
  ("agent_message" .
   [0 0 0 0 0 0 0 0 0 0 1 0 0])
  ("else" .
   [4 0 0 0])
  ("strftime('%Y%m%d%H%M%S')" .
   [0 0 0 0 1 0 0 0 0 0 0 0 0 0 0 0 0 0 0 0 0 0 0 0])
  ("森日報" .
   [1 0 0])
  ("Wantedly" .
   [0 0 0 0 0 1 0 0])
  ("API" .
   [8 0 0])
  ("ReShare" .
   [1 0 0 0 0 0 0])
  ("class=" .
   [4 0 0 0 0 0])
  (":message" .
   [0 0 0 0 0 0 0 1])
  (":activities" .
   [0 0 0 0 0 0 1 0 0 0 0])
  ("user_id:" .
   [1 0 0 0 0 0 0 0])
  (":body" .
   [1 0 0 0 0])
  ("false" .
   [12 0 0 0 0])
  ("hide" .
   [3 0 0 0])
  ("$el" .
   [1 0 0])
  ("hoge" .
   [5 0 0 0])
  ("html" .
   [5 0 0 0])
  ("class" .
   [2 0 0 0 0])
  ("message" .
   [7 0 0 0 0 0 0])
  ("log" .
   [46 0 0])
  ("console" .
   [57 0 0 0 0 0 1])
  ("ご迷惑をおかけします。" .
   [1 0 0 0 0 0 0 0 0 0 0])
  ("AWS" .
   [1 0 0])
  ("default-directory" .
   [0 0 0 0 0 0 0 0 0 0 1 0 1 0 0 0 0])
  ("default-value" .
   [0 0 0 0 0 1 0 0 0 0 0 0 0])
  ("t" .
   [4])
  ("defvar" .
   [6 0 0 0 0 0])
  ("index" .
   [10 0 0 0 0])
  ("RailsCast" .
   [1 0 0 0 0 0 0 0 0])
  ("gem" .
   [3 0 0])
  ("Rails" .
   [6 0 0 0 0])
  ("docs" .
   [3 0 0 0])
  ("sentry" .
   [2 0 0 0 0 0])
  ("revert" .
   [3 0 0 0 0 0])
  ("Revert" .
   [1 0 0 0 0 0])
  ("Revet" .
   [2 0 0 0 0])
  ("nil" .
   [5 0 0])
  ("alert" .
   [12 0 0 0 0])
  ("true" .
   [10 0 0 0])
  ("melpa" .
   [1 0 0 0 0])
  ("setq" .
   [5 0 0 0])
  ("require" .
   [1 0 0 0 3 0 0])
  ("cl-lib" .
   [1 0 0 0 0 0])
  ("emacs" .
   [4 0 0 0 0])
  ("coffee-mode-hook" .
   [0 0 0 0 0 0 0 0 0 0 0 0 1 0 0 0])
  ("s" .
   [2])
  ("css-mode-hook" .
   [0 0 0 0 0 0 0 0 0 1 0 0 0])
  ("buffer-file-name" .
   [0 0 0 0 0 0 0 0 0 1 0 0 0 0 0 0])
  ("template" .
   [2 0 0 0 1 0 0 4])
  ("file." .
   [1 0 0 0 0])
  (":files" .
   [1 0 0 0 0 0])
  ("have" .
   [1 0 0 0])
  ("and" .
   [1 0 0])
  ("merge" .
   [1 0 0 0 0])
  ("this" .
   [2 0 0 0])
  ("dayone-os" .
   [1 0 0 0 0 0 0 0 0])
  ("Binding" .
   [0 0 0 0 0 0 1])
  ("pry" .
   [2 0 0])
  ("Redis" .
   [1 0 0 0 0])
  ("push" .
   [2 0 0 0])
  ("publish" .
   [1 0 0 0 0 0 0])
  ("r" .
   [6])
  ("target_user_id" .
   [1 0 0 0 0 0 0 0 0 0 0 0 0 0])
  ("count:" .
   [1 0 0 0 0 0])
  ("each" .
   [2 0 0 0])
  ("activities" .
   [1 0 0 0 0 0 0 0 0 0])
  ("unread" .
   [1 0 0 0 0 0])
  ("Notification" .
   [1 0 0 0 0 0 0 0 0 0 0 0])
  ("initialize" .
   [0 0 0 0 0 0 1 0 0 0])
  ("uri" .
   [2 0 0])
  ("aLink" .
   [1 0 0 0 0])
  ("defalias" .
   [0 0 0 0 0 1 1 0])
  ("save" .
   [7 0 0 0])
  ("super" .
   [1 0 0 0 0])
  ("done" .
   [1 0 0 0])
  ("data" .
   [13 0 0 0])
  ("status" .
   [1 0 0 0 0 0])
  ("xhr" .
   [2 0 0])
  ("set" .
   [1 0 0])
  ("model" .
   [1 0 0 0 0])
  ("sync" .
   [1 0 0 0])
  ("models" .
   [1 0 0 0 0 0])
  ("get" .
   [3 0 0])
  ("read" .
   [1 0 0 0])
  ("not" .
   [1 0 0])
  ("null" .
   [14 0 0 0])
  ("try" .
   [1 0 0])
  ("Selenium::WebDriver::Error::ElementNotVisibleError:" .
   [0 0 0 0 0 0 0 1 0 0 0 0 0 0 0 0 0 0 0 0 0 0 0 0 0 0 0 0 0 0 0 0 0 0 0 0 0 0 0 0 0 0 0 0 0 0 0 0 0 0 0])
  ("y" .
   [1])
  ("echo" .
   [1 0 0 0])
  ("docs_url" .
   [1 0 0 0 0 0 0 0])
  ("YAND" .
   [1 0 0 0])
  ("node.js" .
   [1 0 0 0 0 0 0])
  ("jQuery" .
   [1 0 0 0 0 0])
  ("XSS" .
   [2 0 0])
  ("以上です。" .
   [1 0 0 0 0])
  ("森です。" .
   [3 0 0 0])
  ("hello" .
   [1 0 0 0 0])
  ("new" .
   [3 0 0])
  ("event" .
   [3 0 0 0 0])
  ("1/7" .
   [1 0 0])
  ("binding.pry" .
   [0 0 0 4 0 17 0 0 0 0 0])
  ("access_" .
   [0 0 0 0 0 0 1])
  ("e" .
   [1])
  ("any-door.com" .
   [1 0 0 0 0 0 0 0 0 0 0 0])
  ("p" .
   [1])
  ("rbenv" .
   [2 0 0 0 0])
  ("rebase" .
   [1 0 0 0 0 0])
  ("has_one" .
   [1 0 0 0 0 0 0])
  ("belongs_to" .
   [0 0 0 0 0 0 0 0 0 1])
  ("agent" .
   [1 0 0 0 0])
  ("Cannot" .
   [1 0 0 0 0 0])
  ("migrate" .
   [1 0 0 0 0 0 0])
  ("environment" .
   [0 0 0 1 0 0 0 0 0 0 0])
  ("ping" .
   [1 0 0 0])
  ("commit" .
   [1 0 0 0 0 0])
  ("other" .
   [1 0 0 0 0])
  ("next" .
   [1 0 0 0])
  ("user_id" .
   [1 0 0 0 0 0 0])
  ("user" .
   [7 0 0 0])
  ("get_notification_target_types_by" .
   [2 0 0 0 0 0 0 0 0 0 0 0 0 0 0 0 0 0 0 0 0 0 0 0 0 0 0 0 0 0 0 0])
  ("doing" .
   [4 0 0 0 0])
  ("alias-generic-mode" .
   [0 0 0 0 1 0 0 0 0 0 0 0 0 0 0 0 0 0])
  ("delete-matching-lines" .
   [0 0 0 0 0 0 0 0 0 1 0 0 0 0 0 0 0 0 0 0 0])
  ("in?" .
   [1 0 0])
  ("require 'active_support/all'" .
   [0 0 0 1 0 0 0 0 0 0 0 0 0 0 0 0 0 0 0 0 0 0 0 0 0 0 0 0])
  ("first" .
   [1 0 0 0 0])
  ("mode" .
   [1 0 0 0])
  ("date" .
   [3 0 0 0])
  ("へリネーム。WebpayCustomer" .
   [0 0 0 0 0 1 0 0 0 0 0 0 0 0 0 0 0 0 0 0])
  ("emacs-version" .
   [0 0 0 0 0 0 0 0 0 2 0 0 0])
  ("x-select-enable-clipboard" .
   [0 0 0 0 0 0 0 0 0 1 0 0 0 0 0 0 0 0 0 0 0 0 0 0 0])
  ("x-selection" .
   [0 0 0 0 0 0 0 0 0 0 1])
  ("mouse-drag-copy-region" .
   [0 0 0 0 0 0 0 0 0 0 0 0 0 0 1 0 0 0 0 0 0 0])
  ("option" .
   [1 0 0 0 0 0])
  ("レビューをお願いします。" .
   [0 0 0 0 0 1 0 0 0 0 0 0])
  ("とします。" .
   [1 0 0 0 0])
  ("WIP" .
   [1 0 0])
  ("レビュー環境を最新にしました。" .
   [1 0 0 0 0 0 0 0 0 0 0 0 0 0 0])
  ("$new" .
   [1 0 0 0])
  ("scope" .
   [4 0 0 0 0])
  ("toEqual" .
   [0 0 0 0 0 1 0])
  ("toBe" .
   [1 0 0 0])
  ("nickName" .
   [1 0 0 0 0 0 0 0])
  ("mail" .
   [1 0 0 0])
  ("businessFormat" .
   [1 0 0 0 0 0 0 0 0 0 0 0 0 0])
  ("nameKana" .
   [1 0 0 0 0 0 0 0])
  ("postCode" .
   [1 0 0 0 0 0 0 0])
  ("address" .
   [1 0 0 0 0 0 0])
  ("phantom.js" .
   [0 0 0 0 0 0 1 1 0 0])
  ("hoge.png" .
   [1 0 0 0 0 0 0 0])
  ("とする。" .
   [1 0 0 0])
  ("driver" .
   [1 0 0 0 0 0])
  ("phantom" .
   [0 0 0 0 0 0 1])
  ("http" .
   [1 0 0 0])
  ("match" .
   [1 0 0 0 0])
  ("title" .
   [2 0 0 0 0])
  ("svg" .
   [2 0 0])
  ("view" .
   [3 0 0 0])
  ("View" .
   [2 0 0 0])
  ("kill" .
   [1 0 0 0])
  ("currentUser" .
   [1 0 0 0 0 0 0 0 0 0 0])
  ("userRole" .
   [1 0 0 0 0 0 0 0])
  ("$scope" .
   [3 0 0 0 0 0])
  ("magit" .
   [1 0 0 0 0])
  ("from" .
   [1 0 0 0])
  ("init" .
   [2 0 0 0])
  ("appCountry" .
   [1 0 0 0 0 0 0 0 0 0])
  ("REST" .
   [1 0 0 0])
  ("n" .
   [3])
  ("key" .
   [3 0 0])
  ("retentions" .
   [1 0 0 0 0 1 1 0 0 0])
  ("report" .
   [1 0 0 0 0 0])
  ("ruu" .
   [8 0 0])
  ("sumC" .
   [1 0 0 0])
  ("c" .
   [1])
  ("code" .
   [1 0 0 0])
  ("i" .
   [1])
  ("k" .
   [1])
  ("scala" .
   [1 0 0 0 0])
  ("を教えて下さい。" .
   [1 0 0 0 0 0 0 0])
  ("saveAll" .
   [1 0 0 0 0 0 0])
  ("load" .
   [1 0 0 0])
  ("reset" .
   [3 0 0 0 0])
  ("unit" .
   [6 0 0 0])
  ("countingUnit" .
   [1 0 0 0 0 0 0 0 0 0 0 0])
  ("click" .
   [1 0 0 0 0])
  ("ctr" .
   [1 0 0])
  ("cpc" .
   [1 0 0])
  ("cost" .
   [1 0 0 0])
  ("cvr" .
   [1 0 0])
  ("cpr" .
   [3 0 0])
  ("colspan" .
   [1 0 0 0 0 0 0])
  ("_" .
   [5])
  ("isRetention" .
   [0 0 0 0 1 0 0 0 0 0 1])
  ("dctrl" .
   [1 0 0 0 0])
  ("indexType" .
   [1 0 0 0 0 0 0 0 0])
  ("indexName" .
   [3 0 0 0 0 0 0 0 0])
  ("controllers" .
   [1 0 0 0 0 0 0 0 0 0 0])
  ("aaa" .
   [5 0 0])
  ("ngShow" .
   [1 0 0 0 0 0])
  ("EventEmitter" .
   [1 0 0 0 0 0 0 0 0 0 0 0])
  ("emit" .
   [1 0 0 0])
  ("$rootScope" .
   [0 0 0 0 0 0 1 0 0 0])
  ("dateRange" .
   [1 0 0 0 0 0 0 0 0])
  ("year" .
   [1 0 0 0])
  ("cancel" .
   [1 0 0 0 0 0])
  ("dateHtml" .
   [1 0 0 0 0 0 0 0])
  ("knob" .
   [2 0 0 0])
  ("tag" .
   [1 0 0])
  ("pageData" .
   [2 0 0 0 0 0 0 0])
  ("appCountryDailyReport" .
   [1 0 0 0 0 0 0 0 0 0 0 0 0 0 0 0 0 0 0 0 0])
  ("input" .
   [1 0 0 0 0])
  ("..." .
   [1 0 0])
  ("daily_report" .
   [0 0 0 0 1 0 0 0 0 0 0 1])
  ("daily_reports" .
   [1 0 0 0 0 0 0 0 0 0 0 0 0])
  ("reports" .
   [1 0 0 0 0 0 0])
  ("totalArea" .
   [0 0 0 0 0 0 0 0 1])
  ("manageTotal" .
   [1 0 0 0 0 0 0 0 0 0 0])
  ("calc" .
   [2 0 0 0])
  ("dev" .
   [2 0 0])
  ("invalid" .
   [1 0 0 0 0 0 0])
  ("よろしくお願いします。" .
   [2 0 0 0 0 0 0 0 0 0 0])
  ("report_date" .
   [2 0 0 0 0 0 0 0 0 0 0])
  ("yyyymm" .
   [1 0 0 0 0 0])
  ("left" .
   [1 0 0 0])
  ("に書いてゆきます。" .
   [1 0 0 0 0 0 0 0 0])
  ("m" .
   [1])
  ("out" .
   [2 0 0])
  ("pp" .
   [4 0])
  ("Print" .
   [6 0 0 0 0])
  ("Host" .
   [1 0 0 0])
  ("RequestURI" .
   [0 0 0 2 0 0 0 0 0 1])
  ("checkError" .
   [0 0 0 0 0 0 0 0 0 1])
  ("err" .
   [2 0 0])
  ("LogSuccess" .
   [1 0 0 0 0 0 0 0 0 0])
  ("LogInfo" .
   [1 0 0 0 0 0 0])
  ("LogMessage" .
   [1 0 0 0 0 0 0 0 0 0])
  ("string" .
   [4 0 0 0 0 0])
  ("RawQuery" .
   [0 0 0 2 0 0 0 0])
  ("Header" .
   [0 0 0 1 0 0])
  ("Info" .
   [2 0 0 0])
  ("GitHub" .
   [2 0 0 0 0 0])
  ("Git" .
   [1 0 0])
  ("Tailor" .
   [1 0 0 0 0 0])
  ("cat" .
   [1 0 0])
  ("../fam-creative-server2-log/access.log" .
   [0 0 0 0 0 1 0 0 0 0 0 0 0 0 0 0 0 0 0 0 0 0 0 0 0 0 0 0 0 0 0 0 0 0 0 0 0 0])
  ("./build.sh" .
   [1 0 0 0 0 0 0 0 0 0])
  ("CoffeeScript" .
   [1 0 0 0 0 0 0 0 0 0 0 0])
  ("ご検討よろしくお願いします。" .
   [1 0 0 0 0 0 0 0 0 0 0 0 0 0])
  ("fam-dev01" .
   [2 0 0 0 0 0 0 1 0])
  ("feed" .
   [1 0 0 0])
  ("でどうでしょうか？" .
   [1 0 0 0 0 0 0 0 0])
  ("です。。" .
   [0 0 0 2])
  ("d" .
   [1])
  ("Error" .
   [1 0 0 0 0])
  ("Params" .
   [2 0 0 0 0 0])
  ("ELB" .
   [1 0 0])))
